# oST version 5.0 parameters


[image]

width
1280

height
720

[narrow_stereo]

camera matrix
496.742442 0.000000 655.445635
0.000000 495.452316 390.897561
0.000000 0.000000 1.000000

distortion
-0.222852 0.028990 0.000416 -0.001841 0.000000

rectification
1.000000 0.000000 0.000000
0.000000 1.000000 0.000000
0.000000 0.000000 1.000000

projection
360.690369 0.000000 656.171415 0.000000
0.000000 419.300812 405.082231 0.000000
0.000000 0.000000 1.000000 0.000000
