image_width: 1280
image_height: 720
camera_name: narrow_stereo
camera_matrix:
  rows: 3
  cols: 3
  data: [ 496.74244,    0.     ,  655.44564,
            0.     ,  495.45232,  390.89756,
            0.     ,    0.     ,    1.     ]
camera_model: plumb_bob
distortion_coefficients:
  rows: 1
  cols: 5
  data: [-0.222852, 0.028990, 0.000416, -0.001841, 0.000000]
rectification_matrix:
  rows: 3
  cols: 3
  data: [ 1.,  0.,  0.,
          0.,  1.,  0.,
          0.,  0.,  1.]
projection_matrix:
  rows: 3
  cols: 4
  data: [ 360.69037,    0.     ,  656.17142,    0.     ,
            0.     ,  419.30081,  405.08223,    0.     ,
            0.     ,    0.     ,    1.     ,    0.     ]
